freebsd
bear@bear-ghostbsd-pc /u/h/b/D/timewrite> ./timewrite output sync<input
256	     0.0000	 0.0625	 0.3594	512
512	     0.0000	 0.0234	 0.1641	256
1024	 0.0000	 0.0156	 0.0859	128
2048	 0.0000	 0.0078	 0.0469	64
4096	 0.0000	 0.0078	 0.0156	32
8192	 0.0000	 0.0000	 0.0156	16
16384	 0.0000	 0.0000	 0.0078	8
32768	 0.0000	 0.0000	 0.0000	4
65536	 0.0000	 0.0000	 0.0000	2
131072	 0.0000	 0.0000	 0.0000	1
bear@bear-ghostbsd-pc /u/h/b/D/timewrite> ./timewrite output<input
256	 0.0000	 0.0000	 0.0000	512
512	 0.0000	 0.0000	 0.0000	256
1024	 0.0000	 0.0000	 0.0000	128
2048	 0.0000	 0.0000	 0.0000	64
4096	 0.0000	 0.0000	 0.0000	32
8192	 0.0000	 0.0000	 0.0000	16
16384	 0.0000	 0.0000	 0.0000	8
32768	 0.0000	 0.0000	 0.0000	4
65536	 0.0000	 0.0000	 0.0000	2
131072	 0.0000	 0.0000	 0.0000	1
bear@bear-ghostbsd-pc /u/h/b/D/timewrite> 


ubuntu

bear@bear-virtual-machine:~/Desktop/timewrite$ ./timewrite output sync<input
256      0.0100  0.7700  3.5800 5120
512      0.0100  0.4000  1.8900 2560
1024     0.0000  0.1600  0.7900 1280
2048     0.0000  0.1000  0.4400 640
4096     0.0000  0.0600  0.2600 320
8192     0.0000  0.0200  0.1000 160
16384    0.0000  0.0200  0.0700 80
32768    0.0000  0.0000  0.0400 40
65536    0.0000  0.0100  0.0300 20
131072   0.0000  0.0000  0.0200 10
bear@bear-virtual-machine:~/Desktop/timewrite$ ./timewrite output <input
256      0.0000  0.0400  0.0500 5120
512      0.0000  0.0300  0.0300 2560
1024     0.0000  0.0100  0.0000 1280
2048     0.0000  0.0000  0.0100 640
4096     0.0100  0.0000  0.0100 320
8192     0.0000  0.0100  0.0000 160
16384    0.0000  0.0000  0.0000 80
32768    0.0000  0.0000  0.0000 40
65536    0.0000  0.0000  0.0000 20
131072   0.0000  0.0000  0.0000 10
bear@bear-virtual-machine:~/Desktop/timewrite$ 

wsl

-> % ./timewrite test sync<input
256      0.0000  0.1900  1.9700 5120
512      0.0000  0.0900  0.8700 2560
1024     0.0000  0.0500  0.4200 1280
2048     0.0000  0.0000  0.1000 640
4096     0.0000  0.0100  0.0500 320
8192     0.0000  0.0000  0.0300 160
16384    0.0000  0.0000  0.0100 80
32768    0.0000  0.0000  0.0100 40
65536    0.0000  0.0000  0.0000 20
131072   0.0000  0.0000  0.0100 10
(base) bear@DESKTOP-E68U1HV [17:36:27] [/mnt/d/Projects-Practice/UnixProgramming/homework1/code] 
-> % ./timewrite test<input     
256      0.0000  0.1700  1.8200 5120
512      0.0000  0.0800  0.8900 2560
1024     0.0000  0.0400  0.4400 1280
2048     0.0000  0.0100  0.1100 640
4096     0.0000  0.0000  0.0500 320
8192     0.0000  0.0000  0.0200 160
16384    0.0000  0.0000  0.0200 80
32768    0.0000  0.0000  0.0100 40
65536    0.0000  0.0000  0.0000 20
131072   0.0100  0.0000  0.0000 10

-> % ./timewrite /mnt/d/test</mnt/d/input
256      0.0000  0.1600  1.6700 5120
512      0.0000  0.1200  0.9600 2560
1024     0.0000  0.1000  0.5900 1280
2048     0.0000  0.0100  0.0800 640
4096     0.0000  0.0100  0.0600 320
8192     0.0000  0.0000  0.0400 160
16384    0.0000  0.0000  0.0100 80
32768    0.0000  0.0000  0.0100 40
65536    0.0000  0.0000  0.0100 20
131072   0.0000  0.0000  0.0100 10
(base) bear@DESKTOP-E68U1HV [21:39:25] [/mnt/d/Projects-Practice/UnixProgramming/homework1/code] 
-> % ./timewrite /mnt/d/test sync</mnt/d/input
256      0.0000  0.2900  2.1200 5120
512      0.0100  0.1800  1.2200 2560
1024     0.0000  0.0700  0.5400 1280
2048     0.0000  0.0100  0.1000 640
4096     0.0000  0.0000  0.0500 320
8192     0.0000  0.0000  0.0300 160
16384    0.0000  0.0000  0.0100 80
32768    0.0000  0.0000  0.0100 40
65536    0.0000  0.0000  0.0100 20
131072   0.0000  0.0000  0.0000 10

server

[cs204622@mcore 1]$ head -c 131072 /dev/urandom>input
[cs204622@mcore 1]$ ./timewrite output sync<input
256      0.0000  0.0200 20.5800 512
512      0.0000  0.0100  2.5700 256
1024     0.0000  0.0000  1.3100 128
2048     0.0000  0.0000  0.7000 64
4096     0.0000  0.0000  0.3500 32
8192     0.0000  0.0000  0.2300 16
16384    0.0000  0.0000  0.1200 8
32768    0.0000  0.0000  0.0600 4
65536    0.0000  0.0000  0.0500 2
131072   0.0000  0.0000  0.0200 1
[cs204622@mcore 1]$ ./timewrite output<input
256      0.0000  0.0000  0.0000 512
512      0.0000  0.0000  0.0000 256
1024     0.0000  0.0000  0.0000 128
2048     0.0000  0.0000  0.0000 64
4096     0.0000  0.0000  0.0000 32
8192     0.0000  0.0000  0.0000 16
16384    0.0000  0.0000  0.0000 8
32768    0.0000  0.0000  0.0000 4
65536    0.0000  0.0000  0.0000 2
131072   0.0000  0.0000  0.0000 1

64bit
./test output sync<input
256      0.0000  0.0000 10.1700 512
512      0.0000  0.0100  1.0300 256
1024     0.0000  0.0000  0.5200 128
2048     0.0000  0.0000  0.2500 64
4096     0.0000  0.0000  0.1300 32
8192     0.0000  0.0000  0.0800 16
16384    0.0000  0.0100  0.0600 8
32768    0.0000  0.0000  0.0400 4
65536    0.0000  0.0000  0.0300 2
131072   0.0000  0.0000  0.0400 1
[cs204622@mcore ~]$ gcc -std=c99 test.c -o test
